0	2	0.070504688	0	0	10000	10100
0	1	0.109568438	0	0	10000	10100
1	6	0.0317325	0	0	10000	10100
1	2	0.000184688	0	0	10000	10100
2	0	0.03564		0	0	10000	10100
3	19	0.000135	0	0	10000	10100
3	8	0.000600938	0	0	10000	10100
4	1	0.03569625	0	0	10000	10100
5	0	0		0	0	10000	10100
6	11	0.0317325	0	0	10000	10100
6	2	0.015647813	0	0	10000	10100
7	8	2.34375E-05	0	0	10000	10100
8	22	0.000075	0	0	10000	10100
8	9	0.02649		0	0	10000	10100
9	14	0.006623438	0	0	10000	10100
10	5	0.00071625	0	0	10000	10100
11	6	0.015647813	0	0	10000	10100
11	10	0.0317325	0	0	10000	10100
12	20	0.0264825	0	0	10000	10100
13	0	0		0	0	10000	10100
14	13	0.006623438	0	0	10000	10100
15	20	2.34375E-05	0	0	10000	10100
16	17	0.006619688	0	0	10000	10100
16	12	0.006619688	0	0	10000	10100
17	12	0.0264825	0	0	10000	10100
18	23	0.03564		0	0	10000	10100
18	13	0.03564		0	0	10000	10100
19	24	0.0034425	0	0	10000	10100
19	18	0.000184688	0	0	10000	10100
20	15	0.000075	0	0	10000	10100
20	21	0.0006		0	0	10000	10100
21	5	0.0006		0	0	10000	10100
22	18	0.0034425	0	0	10000	10100
23	18	0.07086		0	0	10000	10100
24	22	0.0034425	0	0	10000	10100
