1 1.000000
2 0.989889
3 0.984313
4 0.981126
5 0.979531
6 0.979263
7 0.980359
8 0.983192
9 0.988795
10 1.000000
11 0.987471
12 0.980631
13 0.976638
14 0.974443
15 0.973648
16 0.974157
17 0.976103
18 0.979944
19 0.986855
20 1.000000
21 0.986729
22 0.979697
23 0.975742
24 0.973690
25 0.973089
26 0.973811
27 0.975967
28 0.979987
29 0.986988
30 1.000000
31 0.987750
32 0.981422
33 0.977983
34 0.976307
35 0.975955
36 0.976793
37 0.978901
38 0.982628
39 0.988874
40 1.000000
41 0.989802
42 0.986003
43 0.982567
44 0.980172
45 0.978840
46 0.978534
47 0.979261
48 0.981063
49 0.983841
50 0.986461
51 0.982522
52 0.978513
53 0.975563
54 0.973765
55 0.973065
56 0.973441
57 0.974931
58 0.977603
59 0.981358
60 0.984941
61 0.981231
62 0.977354
63 0.974565
64 0.972965
65 0.972488
66 0.973101
67 0.974831
68 0.977737
69 0.981720
70 0.985577
71 0.982486
72 0.979181
73 0.976864
74 0.975627
75 0.975407
76 0.976166
77 0.977927
78 0.980760
79 0.984651
80 0.988870
81 0.984051
82 0.982396
83 0.980418
84 0.978787
85 0.977756
86 0.977404
87 0.977719
88 0.978592
89 0.979683
90 0.980123
91 0.978371
92 0.976059
93 0.974056
94 0.972704
95 0.972119
96 0.972326
97 0.973296
98 0.974901
99 0.976760
100 0.977909
101 0.976631
102 0.974646
103 0.972920
104 0.971834
105 0.971515
106 0.971994
107 0.973241
108 0.975134
109 0.977310
110 0.978840
111 0.978083
112 0.976595
113 0.975303
114 0.974569
115 0.974516
116 0.975174
117 0.976524
118 0.978477
119 0.980752
120 0.982616
121 0.980596
122 0.979751
123 0.978555
124 0.977432
125 0.976625
126 0.976235
127 0.976249
128 0.976536
129 0.976810
130 0.976609
131 0.975502
132 0.974014
133 0.972612
134 0.971591
135 0.971094
136 0.971161
137 0.971739
138 0.972660
139 0.973595
140 0.974023
141 0.973463
142 0.972399
143 0.971353
144 0.970652
145 0.970462
146 0.970834
147 0.971722
148 0.972972
149 0.974269
150 0.975116
151 0.975052
152 0.974454
153 0.973819
154 0.973464
155 0.973549
156 0.974126
157 0.975158
158 0.976512
159 0.977907
160 0.978877
161 0.978624
162 0.978088
163 0.977252
164 0.976391
165 0.975705
166 0.975289
167 0.975133
168 0.975121
169 0.975041
170 0.974631
171 0.973732
172 0.972600
173 0.971503
174 0.970664
175 0.970217
176 0.970198
177 0.970551
178 0.971120
179 0.971650
180 0.971843
181 0.971515
182 0.970853
183 0.970156
184 0.969674
185 0.969561
186 0.969871
187 0.970559
188 0.971481
189 0.972398
190 0.973026
191 0.973191
192 0.972983
193 0.972690
194 0.972555
195 0.972726
196 0.973256
197 0.974108
198 0.975144
199 0.976130
200 0.976754
201 0.977824
202 0.977355
203 0.976603
204 0.975804
205 0.975143
206 0.974711
207 0.974499
208 0.974401
209 0.974228
210 0.973768
211 0.972911
212 0.971864
213 0.970846
214 0.970057
215 0.969621
216 0.969574
217 0.969859
218 0.970328
219 0.970756
220 0.970895
221 0.970619
222 0.970058
223 0.969457
224 0.969039
225 0.968952
226 0.969244
227 0.969876
228 0.970710
229 0.971535
230 0.972117
231 0.972336
232 0.972231
233 0.972037
234 0.971972
235 0.972175
236 0.972700
237 0.973507
238 0.974464
239 0.975351
240 0.975898
241 0.978128
242 0.977535
243 0.976628
244 0.975706
245 0.974977
246 0.974538
247 0.974378
248 0.974380
249 0.974326
250 0.973927
251 0.972994
252 0.971811
253 0.970672
254 0.969807
255 0.969346
256 0.969326
257 0.969692
258 0.970289
259 0.970859
260 0.971075
261 0.970722
262 0.970017
263 0.969286
264 0.968788
265 0.968673
266 0.968992
267 0.969703
268 0.970663
269 0.971629
270 0.972289
271 0.972439
272 0.972201
273 0.971888
274 0.971751
275 0.971936
276 0.972495
277 0.973391
278 0.974489
279 0.975549
280 0.976231
281 0.979658
282 0.978661
283 0.977296
284 0.976042
285 0.975149
286 0.974712
287 0.974718
288 0.975043
289 0.975394
290 0.975245
291 0.974040
292 0.972427
293 0.970936
294 0.969862
295 0.969339
296 0.969401
297 0.970002
298 0.970988
299 0.972028
300 0.972535
301 0.971890
302 0.970716
303 0.969597
304 0.968865
305 0.968671
306 0.969060
307 0.969993
308 0.971327
309 0.972745
310 0.973687
311 0.973561
312 0.972877
313 0.972196
314 0.971839
315 0.971954
316 0.972585
317 0.973705
318 0.975190
319 0.976760
320 0.977889
321 0.982822
322 0.980786
323 0.978481
324 0.976645
325 0.975492
326 0.975068
327 0.975364
328 0.976306
329 0.977588
330 0.978245
331 0.976209
332 0.973637
333 0.971492
334 0.970075
335 0.969456
336 0.969646
337 0.970636
338 0.972346
339 0.974443
340 0.975860
341 0.974306
342 0.972074
343 0.970233
344 0.969115
345 0.968799
346 0.969297
347 0.970596
348 0.972622
349 0.975055
350 0.976872
351 0.975877
352 0.974182
353 0.972813
354 0.972088
355 0.972086
356 0.972820
357 0.974288
358 0.976443
359 0.979053
360 0.981319
361 0.988663
362 0.983814
363 0.979829
364 0.977192
365 0.975733
366 0.975330
367 0.975993
368 0.977855
369 0.981038
370 0.984569
371 0.979633
372 0.975134
373 0.972034
374 0.970199
375 0.969471
376 0.969802
377 0.971261
378 0.974028
379 0.978255
380 0.982876
381 0.978118
382 0.973757
383 0.970860
384 0.969276
385 0.968825
386 0.969444
387 0.971188
388 0.974226
389 0.978702
390 0.983592
391 0.979530
392 0.975797
393 0.973418
394 0.972248
395 0.972114
396 0.972955
397 0.974820
398 0.977878
399 0.982332
400 0.987665
401 1.000000
402 0.986618
403 0.980462
404 0.977191
405 0.975544
406 0.975152
407 0.976049
408 0.978716
409 0.984774
410 1.000000
411 0.983345
412 0.975949
413 0.972024
414 0.969926
415 0.969137
416 0.969541
417 0.971289
418 0.974965
419 0.982396
420 1.000000
421 0.982260
422 0.974696
423 0.970889
424 0.969015
425 0.968494
426 0.969179
427 0.971201
428 0.975113
429 0.982662
430 1.000000
431 0.983496
432 0.976696
433 0.973448
434 0.972002
435 0.971801
436 0.972698
437 0.974797
438 0.978557
439 0.985379
440 1.000000
441 0.987792
442 0.982939
443 0.978946
444 0.976298
445 0.974827
446 0.974412
447 0.975064
448 0.976916
449 0.980086
450 0.983601
451 0.978644
452 0.974128
453 0.971014
454 0.969168
455 0.968432
456 0.968759
457 0.970215
458 0.972981
459 0.977209
460 0.981830
461 0.977072
462 0.972710
463 0.969812
464 0.968227
465 0.967778
466 0.968401
467 0.970151
468 0.973197
469 0.977681
470 0.982578
471 0.978522
472 0.974795
473 0.972421
474 0.971258
475 0.971133
476 0.971984
477 0.973861
478 0.976928
479 0.981391
480 0.986728
481 0.981186
482 0.979140
483 0.976816
484 0.974956
485 0.973779
486 0.973332
487 0.973607
488 0.974527
489 0.975786
490 0.976414
491 0.974340
492 0.971735
493 0.969562
494 0.968122
495 0.967487
496 0.967669
497 0.968655
498 0.970365
499 0.972464
500 0.973882
501 0.972327
502 0.970091
503 0.968246
504 0.967126
505 0.966813
506 0.967319
507 0.968632
508 0.970674
509 0.973123
510 0.974955
511 0.973972
512 0.972288
513 0.970930
514 0.970219
515 0.970234
516 0.970989
517 0.972480
518 0.974658
519 0.977287
520 0.979564
521 0.977366
522 0.976350
523 0.974952
524 0.973659
525 0.972727
526 0.972254
527 0.972229
528 0.972526
529 0.972846
530 0.972657
531 0.971400
532 0.969738
533 0.968202
534 0.967092
535 0.966546
536 0.966595
537 0.967194
538 0.968185
539 0.969230
540 0.969739
541 0.969090
542 0.967906
543 0.966777
544 0.966040
545 0.965850
546 0.966252
547 0.967207
548 0.968569
549 0.970015
550 0.970981
551 0.970872
552 0.970201
553 0.969534
554 0.969195
555 0.969335
556 0.970001
557 0.971160
558 0.972685
559 0.974289
560 0.975436
561 0.975297
562 0.974672
563 0.973709
564 0.972725
565 0.971938
566 0.971450
567 0.971252
568 0.971225
569 0.971137
570 0.970691
571 0.969691
572 0.968439
573 0.967236
574 0.966320
575 0.965826
576 0.965792
577 0.966160
578 0.966771
579 0.967355
580 0.967576
581 0.967214
582 0.966488
583 0.965736
584 0.965225
585 0.965113
586 0.965452
587 0.966197
588 0.967202
589 0.968212
590 0.968908
591 0.969078
592 0.968851
593 0.968550
594 0.968433
595 0.968652
596 0.969260
597 0.970216
598 0.971379
599 0.972495
600 0.973211
601 0.974585
602 0.974058
603 0.973213
604 0.972317
605 0.971572
606 0.971078
607 0.970826
608 0.970704
609 0.970507
610 0.970001
611 0.969058
612 0.967912
613 0.966803
614 0.965943
615 0.965464
616 0.965403
617 0.965701
618 0.966202
619 0.966664
620 0.966818
621 0.966521
622 0.965917
623 0.965273
624 0.964831
625 0.964742
626 0.965062
627 0.965746
628 0.966651
629 0.967548
630 0.968184
631 0.968421
632 0.968315
633 0.968122
634 0.968074
635 0.968320
636 0.968911
637 0.969806
638 0.970864
639 0.971845
640 0.972453
641 0.975132
642 0.974485
643 0.973492
644 0.972480
645 0.971676
646 0.971183
647 0.970992
648 0.970979
649 0.970907
650 0.970466
651 0.969449
652 0.968169
653 0.966939
654 0.966004
655 0.965502
656 0.965472
657 0.965857
658 0.966491
659 0.967099
660 0.967330
661 0.966955
662 0.966204
663 0.965426
664 0.964898
665 0.964781
666 0.965127
667 0.965893
668 0.966927
669 0.967967
670 0.968680
671 0.968847
672 0.968605
673 0.968288
674 0.968161
675 0.968380
676 0.968998
677 0.969976
678 0.971168
679 0.972315
680 0.973052
681 0.977057
682 0.975985
683 0.974514
684 0.973160
685 0.972190
686 0.971707
687 0.971699
688 0.972034
689 0.972397
690 0.972226
691 0.970928
692 0.969199
693 0.967600
694 0.966448
695 0.965885
696 0.965945
697 0.966579
698 0.967625
699 0.968730
700 0.969269
701 0.968585
702 0.967337
703 0.966149
704 0.965373
705 0.965172
706 0.965591
707 0.966590
708 0.968017
709 0.969534
710 0.970546
711 0.970423
712 0.969709
713 0.969002
714 0.968640
715 0.968779
716 0.969467
717 0.970672
718 0.972262
719 0.973938
720 0.975140
721 0.980788
722 0.978612
723 0.976146
724 0.974179
725 0.972940
726 0.972478
727 0.972786
728 0.973782
729 0.975143
730 0.975837
731 0.973662
732 0.970921
733 0.968635
734 0.967123
735 0.966461
736 0.966660
737 0.967708
738 0.969522
739 0.971749
740 0.973254
741 0.971603
742 0.969232
743 0.967277
744 0.966092
745 0.965760
746 0.966293
747 0.967680
748 0.969839
749 0.972433
750 0.974373
751 0.973331
752 0.971548
753 0.970110
754 0.969357
755 0.969368
756 0.970159
757 0.971725
758 0.974015
759 0.976784
760 0.979184
761 0.987434
762 0.982261
763 0.978009
764 0.975194
765 0.973635
766 0.973203
767 0.973908
768 0.975892
769 0.979282
770 0.983043
771 0.977795
772 0.973012
773 0.969718
774 0.967768
775 0.966995
776 0.967345
777 0.968892
778 0.971829
779 0.976318
780 0.981224
781 0.976168
782 0.971535
783 0.968457
784 0.966776
785 0.966300
786 0.966962
787 0.968819
788 0.972052
789 0.976813
790 0.982017
791 0.977725
792 0.973784
793 0.971277
794 0.970050
795 0.969919
796 0.970818
797 0.972798
798 0.976037
799 0.980749
800 0.986388
801 1.000000
802 0.985728
803 0.979166
804 0.975681
805 0.973928
806 0.973515
807 0.974476
808 0.977322
809 0.983782
810 1.000000
811 0.982298
812 0.974445
813 0.970281
814 0.968058
815 0.967224
816 0.967654
817 0.969509
818 0.973412
819 0.981302
820 1.000000
821 0.981147
822 0.973109
823 0.969065
824 0.967076
825 0.966524
826 0.967255
827 0.969406
828 0.973566
829 0.981589
830 1.000000
831 0.982524
832 0.975334
833 0.971907
834 0.970388
835 0.970183
836 0.971137
837 0.973359
838 0.977335
839 0.984546
840 1.000000
841 0.987414
842 0.982243
843 0.977992
844 0.975179
845 0.973622
846 0.973191
847 0.973899
848 0.975885
849 0.979279
850 0.983045
851 0.977804
852 0.973026
853 0.969736
854 0.967788
855 0.967015
856 0.967365
857 0.968910
858 0.971844
859 0.976329
860 0.981232
861 0.976170
862 0.971533
863 0.968454
864 0.966772
865 0.966297
866 0.966961
867 0.968823
868 0.972062
869 0.976833
870 0.982051
871 0.977783
872 0.973857
873 0.971361
874 0.970142
875 0.970016
876 0.970918
877 0.972900
878 0.976140
879 0.980853
880 0.986491
881 0.980763
882 0.978589
883 0.976126
884 0.974162
885 0.972926
886 0.972469
887 0.972781
888 0.973783
889 0.975150
890 0.975853
891 0.973690
892 0.970958
893 0.968679
894 0.967171
895 0.966510
896 0.966708
897 0.967753
898 0.969561
899 0.971781
900 0.973277
901 0.971616
902 0.969239
903 0.967281
904 0.966095
905 0.965765
906 0.966303
907 0.967698
908 0.969869
909 0.972481
910 0.974447
911 0.973442
912 0.971686
913 0.970269
914 0.969530
915 0.969552
916 0.970349
917 0.971918
918 0.974209
919 0.976978
920 0.979379
921 0.977040
922 0.975970
923 0.974504
924 0.973155
925 0.972191
926 0.971715
927 0.971713
928 0.972054
929 0.972426
930 0.972267
931 0.970985
932 0.969269
933 0.967680
934 0.966534
935 0.965972
936 0.966030
937 0.966659
938 0.967697
939 0.968791
940 0.969318
941 0.968621
942 0.967364
943 0.966171
944 0.965395
945 0.965196
946 0.965622
947 0.966631
948 0.968075
949 0.969616
950 0.970662
951 0.970585
952 0.969908
953 0.969229
954 0.968887
955 0.969040
956 0.969737
957 0.970946
958 0.972537
959 0.974212
960 0.975413
961 0.975134
962 0.974492
963 0.973506
964 0.972502
965 0.971706
966 0.971221
967 0.971037
968 0.971032
969 0.970970
970 0.970543
971 0.969546
972 0.968283
973 0.967066
974 0.966139
975 0.965640
976 0.965607
977 0.965983
978 0.966605
979 0.967197
980 0.967412
981 0.967021
982 0.966260
983 0.965477
984 0.964948
985 0.964834
986 0.965187
987 0.965964
988 0.967017
989 0.968085
990 0.968838
991 0.969059
992 0.968861
993 0.968578
994 0.968477
995 0.968713
996 0.969341
997 0.970322
998 0.971513
999 0.972656
1000 0.973391
1001 0.974617
1002 0.974096
1003 0.973263
1004 0.972380
1005 0.971646
1006 0.971161
1007 0.970917
1008 0.970802
1009 0.970615
1010 0.970123
1011 0.969203
1012 0.968080
1013 0.966989
1014 0.966141
1015 0.965666
1016 0.965600
1017 0.965886
1018 0.966368
1019 0.966808
1020 0.966941
1021 0.966625
1022 0.966010
1023 0.965361
1024 0.964918
1025 0.964833
1026 0.965159
1027 0.965855
1028 0.966778
1029 0.967704
1030 0.968383
1031 0.968680
1032 0.968625
1033 0.968473
1034 0.968455
1035 0.968720
1036 0.969321
1037 0.970217
1038 0.971269
1039 0.972242
1040 0.972843
1041 0.975366
1042 0.974753
1043 0.973810
1044 0.972845
1045 0.972073
1046 0.971596
1047 0.971404
1048 0.971379
1049 0.971297
1050 0.970866
1051 0.969894
1052 0.968672
1053 0.967495
1054 0.966596
1055 0.966108
1056 0.966066
1057 0.966416
1058 0.966999
1059 0.967552
1060 0.967744
1061 0.967361
1062 0.966625
1063 0.965870
1064 0.965360
1065 0.965250
1066 0.965594
1067 0.966348
1068 0.967369
1069 0.968406
1070 0.969145
1071 0.969381
1072 0.969213
1073 0.968960
1074 0.968879
1075 0.969119
1076 0.969734
1077 0.970685
1078 0.971834
1079 0.972931
1080 0.973634
1081 0.977473
1082 0.976482
1083 0.975117
1084 0.973854
1085 0.972943
1086 0.972481
1087 0.972458
1088 0.972749
1089 0.973064
1090 0.972885
1091 0.971666
1092 0.970050
1093 0.968552
1094 0.967467
1095 0.966927
1096 0.966967
1097 0.967538
1098 0.968488
1099 0.969485
1100 0.969952
1101 0.969283
1102 0.968094
1103 0.966967
1104 0.966232
1105 0.966045
1106 0.966450
1107 0.967409
1108 0.968778
1109 0.970243
1110 0.971248
1111 0.971213
1112 0.970613
1113 0.970004
1114 0.969707
1115 0.969870
1116 0.970539
1117 0.971685
1118 0.973182
1119 0.974749
1120 0.975868
1121 0.981321
1122 0.979328
1123 0.977063
1124 0.975250
1125 0.974101
1126 0.973665
1127 0.973934
1128 0.974833
1129 0.976063
1130 0.976680
1131 0.974671
1132 0.972140
1133 0.970025
1134 0.968619
1135 0.967994
1136 0.968162
1137 0.969110
1138 0.970759
1139 0.972780
1140 0.974126
1141 0.972562
1142 0.970337
1143 0.968503
1144 0.967390
1145 0.967079
1146 0.967584
1147 0.968893
1148 0.970929
1149 0.973377
1150 0.975232
1151 0.974342
1152 0.972751
1153 0.971466
1154 0.970804
1155 0.970843
1156 0.971599
1157 0.973066
1158 0.975193
1159 0.977753
1160 0.979963
1161 0.987917
1162 0.983194
1163 0.979303
1164 0.976722
1165 0.975287
1166 0.974883
1167 0.975521
1168 0.977328
1169 0.980418
1170 0.983845
1171 0.979037
1172 0.974650
1173 0.971621
1174 0.969820
1175 0.969097
1176 0.969406
1177 0.970812
1178 0.973490
1179 0.977585
1180 0.982051
1181 0.977344
1182 0.973029
1183 0.970155
1184 0.968580
1185 0.968132
1186 0.968749
1187 0.970487
1188 0.973508
1189 0.977950
1190 0.982808
1191 0.978909
1192 0.975316
1193 0.973035
1194 0.971929
1195 0.971830
1196 0.972678
1197 0.974519
1198 0.977511
1199 0.981845
1200 0.987017
1201 1.000000
1202 0.986979
1203 0.980982
1204 0.977791
1205 0.976182
1206 0.975801
1207 0.976679
1208 0.979283
1209 0.985186
1210 1.000000
1211 0.983829
1212 0.976643
1213 0.972822
1214 0.970773
1215 0.969997
1216 0.970383
1217 0.972075
1218 0.975642
1219 0.982862
1220 1.000000
1221 0.982584
1222 0.975123
1223 0.971348
1224 0.969480
1225 0.968955
1226 0.969631
1227 0.971637
1228 0.975510
1229 0.982958
1230 1.000000
1231 0.983912
1232 0.977306
1233 0.974164
1234 0.972778
1235 0.972603
1236 0.973497
1237 0.975558
1238 0.979225
1239 0.985847
1240 1.000000
1241 0.989149
1242 0.984422
1243 0.980528
1244 0.977945
1245 0.976515
1246 0.976123
1247 0.976779
1248 0.978608
1249 0.981723
1250 0.985172
1251 0.980388
1252 0.976011
1253 0.972985
1254 0.971186
1255 0.970467
1256 0.970783
1257 0.972198
1258 0.974881
1259 0.978972
1260 0.983419
1261 0.978670
1262 0.974320
1263 0.971416
1264 0.969817
1265 0.969353
1266 0.969964
1267 0.971702
1268 0.974727
1269 0.979172
1270 0.984028
1271 0.980120
1272 0.976511
1273 0.974212
1274 0.973089
1275 0.972979
1276 0.973823
1277 0.975667
1278 0.978667
1279 0.983011
1280 0.988189
1281 0.983711
1282 0.981709
1283 0.979434
1284 0.977615
1285 0.976475
1286 0.976063
1287 0.976371
1288 0.977318
1289 0.978597
1290 0.979257
1291 0.977285
1292 0.974768
1293 0.972655
1294 0.971251
1295 0.970634
1296 0.970817
1297 0.971785
1298 0.973449
1299 0.975469
1300 0.976785
1301 0.975151
1302 0.972858
1303 0.970962
1304 0.969799
1305 0.969457
1306 0.969950
1307 0.971264
1308 0.973312
1309 0.975771
1310 0.977622
1311 0.976712
1312 0.975085
1313 0.973758
1314 0.973058
1315 0.973074
1316 0.973822
1317 0.975298
1318 0.977445
1319 0.980027
1320 0.982252
1321 0.980955
1322 0.979943
1323 0.978553
1324 0.977275
1325 0.976372
1326 0.975949
1327 0.975990
1328 0.976362
1329 0.976758
1330 0.976644
1331 0.975468
1332 0.973858
1333 0.972352
1334 0.971261
1335 0.970731
1336 0.970798
1337 0.971410
1338 0.972398
1339 0.973409
1340 0.973843
1341 0.973080
1342 0.971784
1343 0.970555
1344 0.969741
1345 0.969505
1346 0.969897
1347 0.970872
1348 0.972274
1349 0.973765
1350 0.974771
1351 0.974700
1352 0.974033
1353 0.973349
1354 0.972986
1355 0.973108
1356 0.973767
1357 0.974932
1358 0.976469
1359 0.978081
1360 0.979231
1361 0.979885
1362 0.979228
1363 0.978227
1364 0.977224
1365 0.976457
1366 0.976034
1367 0.975942
1368 0.976048
1369 0.976096
1370 0.975759
1371 0.974823
1372 0.973581
1373 0.972367
1374 0.971444
1375 0.970963
1376 0.970967
1377 0.971391
1378 0.972056
1379 0.972662
1380 0.972833
1381 0.972325
1382 0.971428
1383 0.970515
1384 0.969883
1385 0.969705
1386 0.970040
1387 0.970837
1388 0.971929
1389 0.973031
1390 0.973785
1391 0.973958
1392 0.973673
1393 0.973291
1394 0.973101
1395 0.973277
1396 0.973880
1397 0.974869
1398 0.976094
1399 0.977279
1400 0.978044
1401 0.980146
1402 0.979527
1403 0.978572
1404 0.977606
1405 0.976863
1406 0.976452
1407 0.976361
1408 0.976455
1409 0.976484
1410 0.976137
1411 0.975223
1412 0.974013
1413 0.972824
1414 0.971916
1415 0.971443
1416 0.971447
1417 0.971862
1418 0.972508
1419 0.973086
1420 0.973237
1421 0.972744
1422 0.971872
1423 0.970975
1424 0.970350
1425 0.970173
1426 0.970503
1427 0.971287
1428 0.972358
1429 0.973431
1430 0.974164
1431 0.974350
1432 0.974084
1433 0.973713
1434 0.973524
1435 0.973692
1436 0.974279
1437 0.975245
1438 0.976436
1439 0.977577
1440 0.978305
1441 0.981701
1442 0.980831
1443 0.979595
1444 0.978432
1445 0.977603
1446 0.977217
1447 0.977261
1448 0.977594
1449 0.977914
1450 0.977746
1451 0.976658
1452 0.975161
1453 0.973734
1454 0.972687
1455 0.972178
1456 0.972248
1457 0.972837
1458 0.973762
1459 0.974670
1460 0.975022
1461 0.974326
1462 0.973122
1463 0.971947
1464 0.971151
1465 0.970914
1466 0.971292
1467 0.972234
1468 0.973568
1469 0.974957
1470 0.975880
1471 0.975866
1472 0.975274
1473 0.974627
1474 0.974263
1475 0.974360
1476 0.974976
1477 0.976073
1478 0.977504
1479 0.978969
1480 0.979978
1481 0.984802
1482 0.983174
1483 0.981216
1484 0.979593
1485 0.978567
1486 0.978218
1487 0.978539
1488 0.979414
1489 0.980500
1490 0.980942
1491 0.979243
1492 0.976977
1493 0.974999
1494 0.973655
1495 0.973068
1496 0.973264
1497 0.974210
1498 0.975769
1499 0.977550
1500 0.978590
1501 0.977205
1502 0.975128
1503 0.973322
1504 0.972175
1505 0.971823
1506 0.972299
1507 0.973572
1508 0.975510
1509 0.977736
1510 0.979321
1511 0.978636
1512 0.977197
1513 0.975931
1514 0.975216
1515 0.975183
1516 0.975866
1517 0.977244
1518 0.979217
1519 0.981496
1520 0.983348
1521 0.990212
1522 0.986523
1523 0.983173
1524 0.980828
1525 0.979521
1526 0.979219
1527 0.979931
1528 0.981692
1529 0.984401
1530 0.986951
1531 0.983141
1532 0.979246
1533 0.976367
1534 0.974603
1535 0.973909
1536 0.974266
1537 0.975708
1538 0.978292
1539 0.981912
1540 0.985329
1541 0.981567
1542 0.977653
1543 0.974824
1544 0.973187
1545 0.972687
1546 0.973294
1547 0.975032
1548 0.977952
1549 0.981950
1550 0.985827
1551 0.982843
1552 0.979623
1553 0.977362
1554 0.976162
1555 0.975965
1556 0.976738
1557 0.978499
1558 0.981306
1559 0.985134
1560 0.989261
1561 1.000000
1562 0.990212
1563 0.984800
1564 0.981697
1565 0.980140
1566 0.979876
1567 0.980943
1568 0.983698
1569 0.989138
1570 1.000000
1571 0.987875
1572 0.981244
1573 0.977361
1574 0.975219
1575 0.974435
1576 0.974920
1577 0.976802
1578 0.980523
1579 0.987225
1580 1.000000
1581 0.986881
1582 0.979885
1583 0.975921
1584 0.973849
1585 0.973230
1586 0.973943
1587 0.976097
1588 0.980111
1589 0.987084
1590 1.000000
1591 0.987973
1592 0.981773
1593 0.978411
1594 0.976782
1595 0.976455
1596 0.977300
1597 0.979390
1598 0.983056
1599 0.989164
1600 1.000000
